{
 "cells": [
  {
   "cell_type": "markdown",
   "metadata": {},
   "source": [
    "# Creating the inductance and capacitance matrix using GetDP and Gmsh  "
   ]
  },
  {
   "cell_type": "code",
   "execution_count": 17,
   "metadata": {},
   "outputs": [
    {
     "name": "stdout",
     "output_type": "stream",
     "text": [
      "Generated electrode_1.pro\n",
      "Generated electrode_2.pro\n",
      "Generated electrode_3.pro\n",
      "Generated electrode_4.pro\n",
      "Generated electrode_5.pro\n",
      "Generated electrode_6.pro\n",
      "Generated electrode_7.pro\n",
      "Generated electrode_8.pro\n",
      "Generated electrode_9.pro\n",
      "Generated electrode_10.pro\n"
     ]
    }
   ],
   "source": [
    "import re\n",
    "\n",
    "def read_pro_file(filename):\n",
    "    with open(filename, 'r') as file:\n",
    "        return file.read()\n",
    "\n",
    "def write_pro_file(filename, content):\n",
    "    with open(filename, 'w') as file:\n",
    "        file.write(content)\n",
    "\n",
    "def modify_constraints(content, active_electrode):\n",
    "    pattern = r'(\\s*\\{ Region Electrode(\\d+); Value (0|1)\\.; \\})'\n",
    "    \n",
    "    def replace_value(match):\n",
    "        electrode_num = int(match.group(2))\n",
    "        if electrode_num == active_electrode:\n",
    "            return f\"      {{ Region Electrode{electrode_num}; Value 1.; }}\"\n",
    "        else:\n",
    "            return f\"      {{ Region Electrode{electrode_num}; Value 0.; }}\"\n",
    "    \n",
    "    return re.sub(pattern, replace_value, content)\n",
    "\n",
    "def generate_pro_files(input_filename, num_electrodes):\n",
    "    original_content = read_pro_file(input_filename)\n",
    "    \n",
    "    for i in range(1, num_electrodes + 1):\n",
    "        new_content = modify_constraints(original_content, i)\n",
    "        output_filename = f\"electrode_{i}.pro\"\n",
    "        write_pro_file(output_filename, new_content)\n",
    "        print(f\"Generated {output_filename}\")\n",
    "\n",
    "# Usage\n",
    "input_file = \"wires_updated.pro\"  # Replace with your input .pro file name\n",
    "num_electrodes = 10\n",
    "generate_pro_files(input_file, num_electrodes)"
   ]
  },
  {
   "cell_type": "code",
   "execution_count": 18,
   "metadata": {},
   "outputs": [
    {
     "name": "stdout",
     "output_type": "stream",
     "text": [
      "Capacitance Matrix:\n",
      "[[ 3.01239077e-11 -2.36058853e-11 -3.03354594e-12 -1.46838095e-12\n",
      "  -8.24193757e-13 -4.84298143e-13 -2.90230526e-13 -1.77656365e-13\n",
      "  -1.15047868e-13 -1.24668800e-13]\n",
      " [-2.36058853e-11  4.88289225e-11 -2.13141804e-11 -1.93186420e-12\n",
      "  -8.54196564e-13 -4.65212472e-13 -2.71563975e-13 -1.64688713e-13\n",
      "  -1.06294191e-13 -1.15036648e-13]\n",
      " [-3.03354594e-12 -2.13141804e-11  4.91621999e-11 -2.11387598e-11\n",
      "  -1.83991329e-12 -8.00670801e-13 -4.35205207e-13 -2.57492773e-13\n",
      "  -1.64738001e-13 -1.77693768e-13]\n",
      " [-1.46838095e-12 -1.93186420e-12 -2.11387598e-11  4.92206664e-11\n",
      "  -2.10808815e-11 -1.81489172e-12 -7.89287623e-13 -4.34970970e-13\n",
      "  -2.71494425e-13 -2.90135164e-13]\n",
      " [-8.24193757e-13 -8.54196564e-13 -1.83991329e-12 -2.10808815e-11\n",
      "   4.92412643e-11 -2.10797082e-11 -1.81339630e-12 -8.00000211e-13\n",
      "  -4.64959267e-13 -4.84015142e-13]\n",
      " [-4.84298143e-13 -4.65212472e-13 -8.00670801e-13 -1.81489172e-12\n",
      "  -2.10797082e-11  4.92497258e-11 -2.10860397e-11 -1.83969483e-12\n",
      "  -8.54635225e-13 -8.24574748e-13]\n",
      " [-2.90230526e-13 -2.71563975e-13 -4.35205207e-13 -7.89287623e-13\n",
      "  -1.81339630e-12 -2.10860397e-11  4.92151884e-11 -2.11261115e-11\n",
      "  -1.93380650e-12 -1.46954714e-12]\n",
      " [-1.77656365e-13 -1.64688713e-13 -2.57492773e-13 -4.34970970e-13\n",
      "  -8.00000211e-13 -1.83969483e-12 -2.11261115e-11  4.91319734e-11\n",
      "  -2.12984849e-11 -3.03287321e-12]\n",
      " [-1.15047868e-13 -1.06294191e-13 -1.64738001e-13 -2.71494425e-13\n",
      "  -4.64959267e-13 -8.54635225e-13 -1.93380650e-12 -2.12984849e-11\n",
      "   4.88136603e-11 -2.36042000e-11]\n",
      " [-1.24668800e-13 -1.15036648e-13 -1.77693768e-13 -2.90135164e-13\n",
      "  -4.84015142e-13 -8.24574748e-13 -1.46954714e-12 -3.03287321e-12\n",
      "  -2.36042000e-11  3.01227446e-11]]\n",
      "Capacitance matrix saved to capacitance_matrix.txt\n"
     ]
    }
   ],
   "source": [
    "import subprocess\n",
    "import os\n",
    "import numpy as np\n",
    "\n",
    "def run_getdp_and_process(pro_file, msh_file, getdp_path):\n",
    "    # Run GetDP\n",
    "    command = f\"{getdp_path} {pro_file} -solve EleSta_v -pos Map -msh {msh_file}\"\n",
    "    result = subprocess.run(command, shell=True, capture_output=True, text=True)\n",
    "    if result.returncode != 0:\n",
    "        print(f\"Error running GetDP for {pro_file}:\")\n",
    "        print(result.stderr)\n",
    "        return None\n",
    "\n",
    "    # Read the output file\n",
    "    with open(\"output.txt\", \"r\") as f:\n",
    "        lines = f.readlines()\n",
    "\n",
    "    # Extract charges\n",
    "    charges = []\n",
    "    for line in lines:\n",
    "        parts = line.split()\n",
    "        if len(parts) == 2:\n",
    "            try:\n",
    "                charges.append(float(parts[1]))\n",
    "            except ValueError:\n",
    "                print(f\"Invalid charge value in line: {line}\")\n",
    "                return None\n",
    "\n",
    "    # Delete the output file\n",
    "    os.remove(\"output.txt\")\n",
    "\n",
    "    if len(charges) != 10:\n",
    "        print(f\"Expected 10 charge values, but found {len(charges)}\")\n",
    "        return None\n",
    "\n",
    "    return charges\n",
    "\n",
    "def generate_capacitance_matrix(pro_files, msh_file, getdp_path):\n",
    "    num_electrodes = len(pro_files)\n",
    "    capacitance_matrix = np.zeros((num_electrodes, num_electrodes))\n",
    "\n",
    "    for i, pro_file in enumerate(pro_files):\n",
    "        charges = run_getdp_and_process(pro_file, msh_file, getdp_path)\n",
    "        if charges is None:\n",
    "            return None\n",
    "        capacitance_matrix[:, i] = charges\n",
    "\n",
    "    return capacitance_matrix\n",
    "\n",
    "def save_capacitance_matrix(matrix, filename):\n",
    "    np.savetxt(filename, matrix, delimiter=',', fmt='%.6e')\n",
    "    print(f\"Capacitance matrix saved to {filename}\")\n",
    "\n",
    "def main():\n",
    "    # File names\n",
    "    pro_files = [f\"electrode_{i}.pro\" for i in range(1, 11)]\n",
    "    msh_file = \"wires.msh\"  # Replace with your .msh file name\n",
    "    output_file = \"capacitance_matrix.txt\"\n",
    "\n",
    "    # GetDP executable path\n",
    "    getdp_path = \"/Users/renjuthomas/Downloads/getdp-3.5.0-MacOSX/bin/getdp\"\n",
    "\n",
    "    # Check if the provided path exists\n",
    "    if not os.path.exists(getdp_path):\n",
    "        print(f\"Error: The specified path '{getdp_path}' does not exist.\")\n",
    "        print(\"Please make sure the GetDP executable is located at this path.\")\n",
    "        exit(1)\n",
    "\n",
    "    # Generate capacitance matrix\n",
    "    capacitance_matrix = generate_capacitance_matrix(pro_files, msh_file, getdp_path)\n",
    "\n",
    "    if capacitance_matrix is not None:\n",
    "        print(\"Capacitance Matrix:\")\n",
    "        print(capacitance_matrix)\n",
    "        save_capacitance_matrix(capacitance_matrix, output_file)\n",
    "    else:\n",
    "        print(\"Failed to generate capacitance matrix. Please check the GetDP output for more details.\")\n",
    "\n",
    "if __name__ == \"__main__\":\n",
    "    main()"
   ]
  },
  {
   "cell_type": "code",
   "execution_count": 19,
   "metadata": {},
   "outputs": [
    {
     "name": "stdout",
     "output_type": "stream",
     "text": [
      "Inductance Matrix (H/m):\n",
      "[[9.27215041 9.2721501  9.27214781 9.27214588 9.2721458  9.27214398\n",
      "  9.27214258 9.27214207 9.27214203 9.27214361]\n",
      " [9.2721501  9.27215018 9.27214782 9.27214586 9.27214577 9.27214395\n",
      "  9.27214255 9.27214204 9.272142   9.27214357]\n",
      " [9.27214781 9.27214782 9.27214584 9.27214381 9.2721437  9.27214187\n",
      "  9.27214046 9.27213995 9.27213991 9.27214149]\n",
      " [9.27214588 9.27214586 9.27214381 9.27214217 9.27214199 9.27214013\n",
      "  9.27213872 9.2721382  9.27213816 9.27213973]\n",
      " [9.2721458  9.27214577 9.2721437  9.27214199 9.27214219 9.27214026\n",
      "  9.27213882 9.2721383  9.27213825 9.27213982]\n",
      " [9.27214398 9.27214395 9.27214187 9.27214013 9.27214026 9.27213872\n",
      "  9.27213721 9.27213666 9.2721366  9.27213817]\n",
      " [9.27214258 9.27214255 9.27214046 9.27213872 9.27213882 9.27213721\n",
      "  9.27213608 9.27213546 9.27213538 9.27213694]\n",
      " [9.27214207 9.27214204 9.27213995 9.2721382  9.2721383  9.27213666\n",
      "  9.27213546 9.27213523 9.27213507 9.27213661]\n",
      " [9.27214203 9.272142   9.27213991 9.27213816 9.27213825 9.2721366\n",
      "  9.27213538 9.27213507 9.27213531 9.27213677]\n",
      " [9.27214361 9.27214357 9.27214149 9.27213973 9.27213982 9.27213817\n",
      "  9.27213694 9.27213661 9.27213677 9.27213862]]\n",
      "Inductance matrix saved to inductance_matrix.txt\n",
      "\n",
      "Calculated speed of propagation: 1.627e-04 m/s\n",
      "Speed of light in vacuum: 2.998e+08 m/s\n",
      "Ratio (v/c): 0.000000\n"
     ]
    }
   ],
   "source": [
    "import numpy as np\n",
    "from scipy import constants\n",
    "\n",
    "def calculate_inductance_matrix(capacitance_matrix_file):\n",
    "    # Load the capacitance matrix\n",
    "    C = np.loadtxt(capacitance_matrix_file, delimiter=',')\n",
    "    \n",
    "    # Constants\n",
    "    epsilon_0 = constants.epsilon_0  # Permittivity of free space\n",
    "    mu_0 = constants.mu_0  # Permeability of free space\n",
    "    c = constants.c  # Speed of light in vacuum\n",
    "    \n",
    "    # Calculate the inductance matrix\n",
    "    L = mu_0 * epsilon_0 * np.linalg.inv(C)\n",
    "    \n",
    "    return L\n",
    "\n",
    "def save_inductance_matrix(L, filename):\n",
    "    np.savetxt(filename, L, delimiter=',', fmt='%.6e')\n",
    "    print(f\"Inductance matrix saved to {filename}\")\n",
    "\n",
    "def main():\n",
    "    # Input and output file names\n",
    "    capacitance_matrix_file = \"capacitance_matrix.txt\"\n",
    "    inductance_matrix_file = \"inductance_matrix.txt\"\n",
    "    \n",
    "    # Calculate the inductance matrix\n",
    "    L = calculate_inductance_matrix(capacitance_matrix_file)\n",
    "    \n",
    "    # Print the inductance matrix\n",
    "    print(\"Inductance Matrix (H/m):\")\n",
    "    print(L)\n",
    "    \n",
    "    # Save the inductance matrix\n",
    "    save_inductance_matrix(L, inductance_matrix_file)\n",
    "    \n",
    "    # Calculate and print the speed of propagation\n",
    "    v = 1 / np.sqrt(np.mean(np.diag(L)) * np.mean(np.diag(np.linalg.inv(L))))\n",
    "    print(f\"\\nCalculated speed of propagation: {v:.3e} m/s\")\n",
    "    print(f\"Speed of light in vacuum: {constants.c:.3e} m/s\")\n",
    "    print(f\"Ratio (v/c): {v/constants.c:.6f}\")\n",
    "\n",
    "if __name__ == \"__main__\":\n",
    "    main()"
   ]
  },
  {
   "cell_type": "code",
   "execution_count": 20,
   "metadata": {},
   "outputs": [
    {
     "name": "stdout",
     "output_type": "stream",
     "text": [
      "Calculated Inductance Matrix (H/m):\n",
      "[[9.27215041 9.2721501  9.27214781 9.27214588 9.2721458  9.27214398\n",
      "  9.27214258 9.27214207 9.27214203 9.27214361]\n",
      " [9.2721501  9.27215018 9.27214782 9.27214586 9.27214577 9.27214395\n",
      "  9.27214255 9.27214204 9.272142   9.27214357]\n",
      " [9.27214781 9.27214782 9.27214584 9.27214381 9.2721437  9.27214187\n",
      "  9.27214046 9.27213995 9.27213991 9.27214149]\n",
      " [9.27214588 9.27214586 9.27214381 9.27214217 9.27214199 9.27214013\n",
      "  9.27213872 9.2721382  9.27213816 9.27213973]\n",
      " [9.2721458  9.27214577 9.2721437  9.27214199 9.27214219 9.27214026\n",
      "  9.27213882 9.2721383  9.27213825 9.27213982]\n",
      " [9.27214398 9.27214395 9.27214187 9.27214013 9.27214026 9.27213872\n",
      "  9.27213721 9.27213666 9.2721366  9.27213817]\n",
      " [9.27214258 9.27214255 9.27214046 9.27213872 9.27213882 9.27213721\n",
      "  9.27213608 9.27213546 9.27213538 9.27213694]\n",
      " [9.27214207 9.27214204 9.27213995 9.2721382  9.2721383  9.27213666\n",
      "  9.27213546 9.27213523 9.27213507 9.27213661]\n",
      " [9.27214203 9.272142   9.27213991 9.27213816 9.27213825 9.2721366\n",
      "  9.27213538 9.27213507 9.27213531 9.27213677]\n",
      " [9.27214361 9.27214357 9.27214149 9.27213973 9.27213982 9.27213817\n",
      "  9.27213694 9.27213661 9.27213677 9.27213862]]\n",
      "\n",
      "Maximum absolute difference between calculated and provided inductance matrices: 4.850220e-07\n",
      "The provided inductance matrix is correct within the specified tolerance.\n"
     ]
    }
   ],
   "source": [
    "import numpy as np\n",
    "from scipy import constants\n",
    "\n",
    "def calculate_inductance_matrix(C):\n",
    "    epsilon_0 = constants.epsilon_0\n",
    "    mu_0 = constants.mu_0\n",
    "    return mu_0 * epsilon_0 * np.linalg.inv(C)\n",
    "\n",
    "# Load the capacitance matrix\n",
    "C = np.array([\n",
    "    [3.012391e-11, -2.360589e-11, -3.033546e-12, -1.468381e-12, -8.241938e-13, -4.842981e-13, -2.902305e-13, -1.776564e-13, -1.150479e-13, -1.246688e-13],\n",
    "    [-2.360589e-11, 4.882892e-11, -2.131418e-11, -1.931864e-12, -8.541966e-13, -4.652125e-13, -2.715640e-13, -1.646887e-13, -1.062942e-13, -1.150366e-13],\n",
    "    [-3.033546e-12, -2.131418e-11, 4.916220e-11, -2.113876e-11, -1.839913e-12, -8.006708e-13, -4.352052e-13, -2.574928e-13, -1.647380e-13, -1.776938e-13],\n",
    "    [-1.468381e-12, -1.931864e-12, -2.113876e-11, 4.922067e-11, -2.108088e-11, -1.814892e-12, -7.892876e-13, -4.349710e-13, -2.714944e-13, -2.901352e-13],\n",
    "    [-8.241938e-13, -8.541966e-13, -1.839913e-12, -2.108088e-11, 4.924126e-11, -2.107971e-11, -1.813396e-12, -8.000002e-13, -4.649593e-13, -4.840151e-13],\n",
    "    [-4.842981e-13, -4.652125e-13, -8.006708e-13, -1.814892e-12, -2.107971e-11, 4.924973e-11, -2.108604e-11, -1.839695e-12, -8.546352e-13, -8.245747e-13],\n",
    "    [-2.902305e-13, -2.715640e-13, -4.352052e-13, -7.892876e-13, -1.813396e-12, -2.108604e-11, 4.921519e-11, -2.112611e-11, -1.933806e-12, -1.469547e-12],\n",
    "    [-1.776564e-13, -1.646887e-13, -2.574928e-13, -4.349710e-13, -8.000002e-13, -1.839695e-12, -2.112611e-11, 4.913197e-11, -2.129848e-11, -3.032873e-12],\n",
    "    [-1.150479e-13, -1.062942e-13, -1.647380e-13, -2.714944e-13, -4.649593e-13, -8.546352e-13, -1.933806e-12, -2.129848e-11, 4.881366e-11, -2.360420e-11],\n",
    "    [-1.246688e-13, -1.150366e-13, -1.776938e-13, -2.901352e-13, -4.840151e-13, -8.245747e-13, -1.469547e-12, -3.032873e-12, -2.360420e-11, 3.012274e-11]\n",
    "])\n",
    "\n",
    "# Calculate the inductance matrix\n",
    "L_calculated = calculate_inductance_matrix(C)\n",
    "\n",
    "# Print the calculated inductance matrix\n",
    "print(\"Calculated Inductance Matrix (H/m):\")\n",
    "print(L_calculated)\n",
    "\n",
    "# Compare with the provided inductance matrix\n",
    "L_provided = np.array([\n",
    "    [9.272150e+00, 9.272150e+00, 9.272148e+00, 9.272146e+00, 9.272146e+00, 9.272144e+00, 9.272143e+00, 9.272142e+00, 9.272142e+00, 9.272144e+00],\n",
    "    [9.272150e+00, 9.272150e+00, 9.272148e+00, 9.272146e+00, 9.272146e+00, 9.272144e+00, 9.272143e+00, 9.272142e+00, 9.272142e+00, 9.272144e+00],\n",
    "    [9.272148e+00, 9.272148e+00, 9.272146e+00, 9.272144e+00, 9.272144e+00, 9.272142e+00, 9.272140e+00, 9.272140e+00, 9.272140e+00, 9.272141e+00],\n",
    "    [9.272146e+00, 9.272146e+00, 9.272144e+00, 9.272142e+00, 9.272142e+00, 9.272140e+00, 9.272139e+00, 9.272138e+00, 9.272138e+00, 9.272140e+00],\n",
    "    [9.272146e+00, 9.272146e+00, 9.272144e+00, 9.272142e+00, 9.272142e+00, 9.272140e+00, 9.272139e+00, 9.272138e+00, 9.272138e+00, 9.272140e+00],\n",
    "    [9.272144e+00, 9.272144e+00, 9.272142e+00, 9.272140e+00, 9.272140e+00, 9.272139e+00, 9.272137e+00, 9.272137e+00, 9.272137e+00, 9.272138e+00],\n",
    "    [9.272143e+00, 9.272143e+00, 9.272140e+00, 9.272139e+00, 9.272139e+00, 9.272137e+00, 9.272136e+00, 9.272135e+00, 9.272135e+00, 9.272137e+00],\n",
    "    [9.272142e+00, 9.272142e+00, 9.272140e+00, 9.272138e+00, 9.272138e+00, 9.272137e+00, 9.272135e+00, 9.272135e+00, 9.272135e+00, 9.272137e+00],\n",
    "    [9.272142e+00, 9.272142e+00, 9.272140e+00, 9.272138e+00, 9.272138e+00, 9.272137e+00, 9.272135e+00, 9.272135e+00, 9.272135e+00, 9.272137e+00],\n",
    "    [9.272144e+00, 9.272144e+00, 9.272141e+00, 9.272140e+00, 9.272140e+00, 9.272138e+00, 9.272137e+00, 9.272137e+00, 9.272137e+00, 9.272139e+00]\n",
    "])\n",
    "\n",
    "# Calculate the maximum absolute difference\n",
    "max_diff = np.max(np.abs(L_calculated - L_provided))\n",
    "print(f\"\\nMaximum absolute difference between calculated and provided inductance matrices: {max_diff:.6e}\")\n",
    "\n",
    "# Check if the difference is within an acceptable tolerance\n",
    "tolerance = 1e-6\n",
    "if max_diff < tolerance:\n",
    "    print(\"The provided inductance matrix is correct within the specified tolerance.\")\n",
    "else:\n",
    "    print(\"The provided inductance matrix differs significantly from the calculated one.\")"
   ]
  },
  {
   "cell_type": "code",
   "execution_count": 21,
   "metadata": {},
   "outputs": [
    {
     "name": "stdout",
     "output_type": "stream",
     "text": [
      "SPICE subcircuit file 'transmission_line_subcircuit.cir' has been generated with 1 PI sections.\n"
     ]
    }
   ],
   "source": [
    "import numpy as np\n",
    "from math import ceil\n",
    "\n",
    "# Constants\n",
    "f_max = 1e9  # 1 GHz\n",
    "length = 0.015  # 20 cm\n",
    "c = 3e8  # Speed of light\n",
    "mu_0 = 4 * np.pi * 1e-7  # Permeability of free space\n",
    "sigma = 5.96e7  # Conductivity of copper\n",
    "tan_delta = 0.001  # Assumed loss tangent\n",
    "w = 0.001  # Assumed conductor width (1 mm)\n",
    "\n",
    "# Load matrices\n",
    "C_matrix = np.loadtxt('capacitance_matrix.txt', delimiter=',')\n",
    "L_matrix = np.loadtxt('inductance_matrix.txt', delimiter=',')\n",
    "\n",
    "# Calculate number of PI sections\n",
    "N = ceil(f_max * length / (c * 0.05))\n",
    "\n",
    "# Calculate R and G matrices\n",
    "R_matrix = np.sqrt(f_max * mu_0 / sigma) / w * np.eye(10)\n",
    "G_matrix = 2 * np.pi * f_max * C_matrix * tan_delta\n",
    "\n",
    "# Calculate per-section parameters\n",
    "R_section = R_matrix * (length / N)\n",
    "L_section = L_matrix * (length / N)\n",
    "C_section = C_matrix * (length / N)\n",
    "G_section = G_matrix * (length / N)\n",
    "\n",
    "# Calculate coupling factors\n",
    "k_matrix = np.zeros((10, 10))\n",
    "for i in range(10):\n",
    "    for j in range(10):\n",
    "        if i != j:\n",
    "            k_matrix[i][j] = L_matrix[i][j] / np.sqrt(L_matrix[i][i] * L_matrix[j][j])\n",
    "\n",
    "# Generate SPICE file\n",
    "with open('transmission_line_subcircuit1.cir', 'w') as f:\n",
    "    f.write('* 10-wire PI Transmission Line Subcircuit Model\\n\\n')\n",
    "    \n",
    "    # Write subcircuit definition\n",
    "    f.write('.SUBCKT TRANSMISSION_LINE ')\n",
    "    for i in range(10):\n",
    "        f.write(f'in{i+1} out{i+1} ')\n",
    "    f.write('\\n')\n",
    "    \n",
    "    # Write PI sections\n",
    "    for section in range(N):\n",
    "        # R and L components\n",
    "        for i in range(10):\n",
    "            f.write(f'R{section}_{i+1} node{section}_{i} node{section}_{i}_mid {R_section[i][i]:.6e}\\n')\n",
    "            f.write(f'L{section}_{i+1} node{section}_{i}_mid node{section+1}_{i} {L_section[i][i]:.6e}\\n')\n",
    "        \n",
    "        # Mutual inductances\n",
    "        count = 1\n",
    "        for i in range(10):\n",
    "            for j in range(i+1, 10):\n",
    "                f.write(f'K{section}_{count} L{section}_{i+1} L{section}_{j+1} {k_matrix[i][j]:.6e}\\n')\n",
    "                count += 1\n",
    "        \n",
    "        # C and G components\n",
    "        for i in range(10):\n",
    "            f.write(f'C{section}_{i+1} node{section+1}_{i} 0 {C_section[i][i]:.6e}\\n')\n",
    "            f.write(f'G{section}_{i+1} node{section+1}_{i} 0 node{section+1}_{i} 0 {G_section[i][i]:.6e}\\n')\n",
    "        \n",
    "        # Mutual capacitances\n",
    "        count = 1\n",
    "        for i in range(10):\n",
    "            for j in range(i+1, 10):\n",
    "                f.write(f'CM{section}_{count} node{section+1}_{i} node{section+1}_{j} {C_section[i][j]:.6e}\\n')\n",
    "                count += 1\n",
    "    \n",
    "    # Connect input and output nodes\n",
    "    for i in range(10):\n",
    "        f.write(f'R_in{i+1} in{i+1} node0_{i} 1e-6\\n')\n",
    "        f.write(f'R_out{i+1} node{N}_{i} out{i+1} 1e-6\\n')\n",
    "    \n",
    "    f.write('.ENDS TRANSMISSION_LINE\\n')\n",
    "\n",
    "print(f\"SPICE subcircuit file 'transmission_line_subcircuit.cir' has been generated with {N} PI sections.\")"
   ]
  }
 ],
 "metadata": {
  "kernelspec": {
   "display_name": "Python 3",
   "language": "python",
   "name": "python3"
  },
  "language_info": {
   "codemirror_mode": {
    "name": "ipython",
    "version": 3
   },
   "file_extension": ".py",
   "mimetype": "text/x-python",
   "name": "python",
   "nbconvert_exporter": "python",
   "pygments_lexer": "ipython3",
   "version": "3.11.5"
  }
 },
 "nbformat": 4,
 "nbformat_minor": 2
}
